Position: -1018.7046508789062, -2725.226806640625, 21.638586044311523 | Heading: -58.865257263183594 | OnFoot - No name
Position: -1018.7046508789062, -2725.226806640625, 21.638586044311523 | Heading: -58.865257263183594 | OnFoot - 1
Position: 113.4063949584961, -628.1857299804688, 44.22956085205078 | Heading: 52.9015998840332 | OnFoot - intrare
Position: 114.2886962890625, -626.528564453125, 44.22959899902344 | Heading: 103.83183288574219 | OnFoot - npcEnter
