Position: -1018.7046508789062, -2725.226806640625, 21.638586044311523 | Heading: -58.865257263183594 | OnFoot - No name
Position: -1018.7046508789062, -2725.226806640625, 21.638586044311523 | Heading: -58.865257263183594 | OnFoot - 1
